2.001000000000000000e+03,7.193358120470973063e+02,6.798520755139428366e+04
2.001000000000000000e+03,7.178670441702828384e+02,5.363221853856577945e+04
2.001000000000000000e+03,7.654301958366005465e+02,6.895136432044567482e+04
2.001000000000000000e+03,7.378454503119593255e+02,7.194200351467212022e+04
2.001000000000000000e+03,7.157818257658600487e+02,6.132213266329655016e+04
2.001000000000000000e+03,7.363663456052897800e+02,5.306029835693576752e+04
2.001000000000000000e+03,7.310126648925053132e+02,5.051547338954843144e+04
2.001000000000000000e+03,7.177084002385136046e+02,5.197740288564391813e+04
2.001000000000000000e+03,7.784886832923241400e+02,5.519857204774401180e+04
2.001000000000000000e+03,7.341838773036670318e+02,6.212053233118054050e+04
2.001000000000000000e+03,7.012614732413425145e+02,6.278468317622725590e+04
2.001000000000000000e+03,7.130002660468458089e+02,6.945865913140993507e+04
2.001000000000000000e+03,7.540296284958501474e+02,6.737635511337775097e+04
2.001000000000000000e+03,6.915071068476684104e+02,5.667231070289345371e+04
2.001000000000000000e+03,7.494808901046681058e+02,6.544741910307572834e+04
2.001000000000000000e+03,7.409162121626444559e+02,5.638796210056004929e+04
2.001000000000000000e+03,7.476290276983977492e+02,6.540830508338442451e+04
2.001000000000000000e+03,7.181740819955363122e+02,4.998992446310077503e+04
2.001000000000000000e+03,7.287284050532294941e+02,6.325619361978984671e+04
2.001000000000000000e+03,7.302955157655328549e+02,4.524036303665991727e+04
2.001000000000000000e+03,7.571323867894677733e+02,5.282346781996567734e+04
2.001000000000000000e+03,7.163983872390193710e+02,7.507447327333425346e+04
2.001000000000000000e+03,7.477696482578854784e+02,6.013054104422423552e+04
2.001000000000000000e+03,7.252885464942227145e+02,6.451032990835700184e+04
2.001000000000000000e+03,6.483028329512832215e+02,5.988498420784009068e+04
2.001000000000000000e+03,7.512588041228042357e+02,6.934972372023998469e+04
2.001000000000000000e+03,7.235773742693917256e+02,6.328386978904558055e+04
2.001000000000000000e+03,7.752752536805053296e+02,5.736969441320048645e+04
2.001000000000000000e+03,7.691846277128777274e+02,5.700251325925791025e+04
2.001000000000000000e+03,6.972686390491442125e+02,6.377694648541864444e+04
2.001000000000000000e+03,7.933714975227339892e+02,7.212895302175097459e+04
2.001000000000000000e+03,7.280588932328765850e+02,6.125869792303050053e+04
2.001000000000000000e+03,7.019492252514667143e+02,5.517605091366788110e+04
2.001000000000000000e+03,6.986604464747863403e+02,5.548853715791333525e+04
2.001000000000000000e+03,6.821126477575822946e+02,6.327019962833069440e+04
2.001000000000000000e+03,7.186141022823558160e+02,4.826423170742515504e+04
2.001000000000000000e+03,7.207340605780560736e+02,6.540916514704073052e+04
2.001000000000000000e+03,7.268237331280129183e+02,6.781314835957369360e+04
2.001000000000000000e+03,7.374774297193746406e+02,7.014024349453051400e+04
2.001000000000000000e+03,7.216615333757391682e+02,6.439597840981796617e+04
2.001000000000000000e+03,7.300658335611138909e+02,6.289155585987430095e+04
2.001000000000000000e+03,7.660438449253036879e+02,4.351680314843192173e+04
2.001000000000000000e+03,7.292912370654111101e+02,5.734936742687060905e+04
2.001000000000000000e+03,7.371716150198381001e+02,6.136653602644270723e+04
2.001000000000000000e+03,7.306955051685164335e+02,6.664935374289685569e+04
2.001000000000000000e+03,7.278280163934059601e+02,5.094354517681172729e+04
2.001000000000000000e+03,7.382028797170272583e+02,5.523267209685820853e+04
2.001000000000000000e+03,7.090781826086356432e+02,5.538177398985114269e+04
2.001000000000000000e+03,7.255794261490976851e+02,6.119981420616538526e+04
2.001000000000000000e+03,7.280404248419498572e+02,7.690620116823213175e+04
2.001000000000000000e+03,6.903742093784111375e+02,7.258271789295205963e+04
2.001000000000000000e+03,7.038503900795114987e+02,5.397932318598295387e+04
2.001000000000000000e+03,7.487462242385602167e+02,6.318535950441644673e+04
2.001000000000000000e+03,7.106623523242380998e+02,6.950191454463561240e+04
2.001000000000000000e+03,7.394408434228738543e+02,4.701326122971012228e+04
2.001000000000000000e+03,7.023401637592356792e+02,6.958665421742084436e+04
2.001000000000000000e+03,7.113842902269851720e+02,5.854197536984895851e+04
2.001000000000000000e+03,7.378126323574091430e+02,6.747751927786122542e+04
2.001000000000000000e+03,7.619660694277224593e+02,5.619948370381078712e+04
2.001000000000000000e+03,7.251499059032418018e+02,5.398914808797282603e+04
2.001000000000000000e+03,7.085969691081961628e+02,4.166879014324955642e+04
2.001000000000000000e+03,7.656884013430407094e+02,6.729760612774422043e+04
2.001000000000000000e+03,7.701823211935146674e+02,6.012141600984088291e+04
2.001000000000000000e+03,7.485350459145885225e+02,7.433921311761153629e+04
2.001000000000000000e+03,7.378321824009309466e+02,6.717553105989741744e+04
2.001000000000000000e+03,7.508449935722201189e+02,6.219105756984149048e+04
2.001000000000000000e+03,7.265248024070741621e+02,5.396432390531513374e+04
2.001000000000000000e+03,7.392330171947049848e+02,6.581686066234260215e+04
2.001000000000000000e+03,7.299456947675031415e+02,7.128897600028115266e+04
2.001000000000000000e+03,6.950071447144533749e+02,7.487898480693080637e+04
2.001000000000000000e+03,7.528872926113037920e+02,4.187062416575941461e+04
2.001000000000000000e+03,7.014212942133764273e+02,5.736770031373113306e+04
2.001000000000000000e+03,7.430455398120305972e+02,4.636413074732499808e+04
2.001000000000000000e+03,7.331367616068006328e+02,6.884722685845542583e+04
2.001000000000000000e+03,7.243436777851613897e+02,6.592136970621198998e+04
2.001000000000000000e+03,7.383631669228568626e+02,5.855805561270119506e+04
2.001000000000000000e+03,7.307476311411644474e+02,5.811477557477791561e+04
2.002000000000000000e+03,7.181913440214174216e+02,5.480139513121413620e+04
2.002000000000000000e+03,7.481757428341538798e+02,6.689419531786660082e+04
2.002000000000000000e+03,7.112229919891245800e+02,4.709093683046939987e+04
2.002000000000000000e+03,7.194398302765729341e+02,6.634124550111094140e+04
2.002000000000000000e+03,7.143856609283628814e+02,5.956600156402135326e+04
2.002000000000000000e+03,7.274955452723139615e+02,5.654935189863163396e+04
2.002000000000000000e+03,7.345669296747623775e+02,7.660902740746733616e+04
2.002000000000000000e+03,7.464246399047890463e+02,7.015277956629812252e+04
2.002000000000000000e+03,6.778213673196891023e+02,5.757777095837028901e+04
2.002000000000000000e+03,7.348505723489288357e+02,6.371430573712280602e+04
2.002000000000000000e+03,7.217905730966203919e+02,6.442432397453345038e+04
2.002000000000000000e+03,7.175451235485481902e+02,6.217205318537700805e+04
2.002000000000000000e+03,7.244535928482378040e+02,5.406645129642043321e+04
2.002000000000000000e+03,7.297901163948600924e+02,7.286926761863418506e+04
2.002000000000000000e+03,6.957316813206447250e+02,5.059785597900453286e+04
2.002000000000000000e+03,7.705025553201305684e+02,7.034639928988675820e+04
2.002000000000000000e+03,7.855500172707850197e+02,5.906044044848244084e+04
2.002000000000000000e+03,7.230197629819468830e+02,5.539724356791175524e+04
2.002000000000000000e+03,7.161970576936068937e+02,5.440359579685612698e+04
2.002000000000000000e+03,6.752037327178367150e+02,5.972997496131088701e+04
2.002000000000000000e+03,7.144668992298339845e+02,5.858336961710216565e+04
2.002000000000000000e+03,6.982194602913026529e+02,5.229038336213801813e+04
2.002000000000000000e+03,7.282698136040605732e+02,5.666769655482695816e+04
2.002000000000000000e+03,7.336181125817868178e+02,6.307400203374856210e+04
2.002000000000000000e+03,7.617943254074600645e+02,5.598109908401261782e+04
2.002000000000000000e+03,7.259698183802690892e+02,5.183336001544521423e+04
2.002000000000000000e+03,7.357086750347007182e+02,6.293209231019123399e+04
2.002000000000000000e+03,7.161252332179625455e+02,5.538344946148354211e+04
2.002000000000000000e+03,7.257268363816785950e+02,6.043382893079584028e+04
2.002000000000000000e+03,7.288973056116875568e+02,6.591751037570515473e+04
2.002000000000000000e+03,7.192787900583068676e+02,5.265352902463330975e+04
2.002000000000000000e+03,6.974226273099765194e+02,6.144676585448658443e+04
2.002000000000000000e+03,7.332198378721298013e+02,5.476063506280629372e+04
2.002000000000000000e+03,7.005024030922687643e+02,6.120999207928290707e+04
2.002000000000000000e+03,7.418991347969332537e+02,6.624610401300684316e+04
2.002000000000000000e+03,7.421261395213784908e+02,6.252151668538771628e+04
2.002000000000000000e+03,7.020936818114054176e+02,5.080627334894625528e+04
2.002000000000000000e+03,7.609799781641542040e+02,5.505030112464034755e+04
2.002000000000000000e+03,7.331042168769592990e+02,5.821836834883764095e+04
2.002000000000000000e+03,7.547870042676064486e+02,5.763934181318712217e+04
2.002000000000000000e+03,7.441909176409261590e+02,4.024414854726468184e+04
2.002000000000000000e+03,7.311386305423711747e+02,5.657167679078360379e+04
2.002000000000000000e+03,7.265918272443159367e+02,6.432722182251072081e+04
2.002000000000000000e+03,7.657132207356713707e+02,4.712272316672519082e+04
2.002000000000000000e+03,7.216729513308721380e+02,6.474887190647018724e+04
2.002000000000000000e+03,6.926482545866099372e+02,5.883223419471839588e+04
2.002000000000000000e+03,7.249259277000796828e+02,6.537970516592603963e+04
2.002000000000000000e+03,7.278053095946198709e+02,5.546402623049589602e+04
2.002000000000000000e+03,7.284311035752323278e+02,5.285896853614252905e+04
2.002000000000000000e+03,7.391786811218973980e+02,5.081854942060092435e+04
2.002000000000000000e+03,6.652637329414361602e+02,6.219541527827429672e+04
2.002000000000000000e+03,7.371865792700835982e+02,6.672501181647829071e+04
2.002000000000000000e+03,7.308666780190039844e+02,5.903117112779647869e+04
2.002000000000000000e+03,7.499029885356710565e+02,5.480796845128459245e+04
2.002000000000000000e+03,7.197293220736238482e+02,5.042362678204297117e+04
2.002000000000000000e+03,7.346103390559062518e+02,6.003234580700971128e+04
2.002000000000000000e+03,7.114798132091411844e+02,4.713860310669866158e+04
2.002000000000000000e+03,7.574718875392021573e+02,5.082606325257697608e+04
2.002000000000000000e+03,7.230984762522923575e+02,5.131939508345573267e+04
2.002000000000000000e+03,7.304492167980137083e+02,6.876013916903626523e+04
2.002000000000000000e+03,7.220809039444586688e+02,5.855490616956510348e+04
2.002000000000000000e+03,7.332171585351367185e+02,6.621668388261075597e+04
2.002000000000000000e+03,7.480414290206762189e+02,5.694090989023039583e+04
2.002000000000000000e+03,6.915267717016891993e+02,7.052768197105891886e+04
2.002000000000000000e+03,7.407441801980344280e+02,7.156321737539047899e+04
2.002000000000000000e+03,7.604850303711345987e+02,5.853707465631020750e+04
2.002000000000000000e+03,7.430429282192194478e+02,6.078278101292995416e+04
2.002000000000000000e+03,7.089197065240940674e+02,6.028192381989403657e+04
2.002000000000000000e+03,7.300555592480632185e+02,5.971986138295984711e+04
2.002000000000000000e+03,7.433119714656797896e+02,5.326732824485268065e+04
2.002000000000000000e+03,7.347525825698735389e+02,5.811877366913437436e+04
2.002000000000000000e+03,7.323231263929295665e+02,7.119222849120867613e+04
2.002000000000000000e+03,7.110372155723117658e+02,6.852666048954242433e+04
2.002000000000000000e+03,7.500214820789072974e+02,6.352995886125620746e+04
2.002000000000000000e+03,7.206741781011968442e+02,6.277852744226560753e+04
2.002000000000000000e+03,7.342895246895859600e+02,5.107940424253505626e+04
2.002000000000000000e+03,7.261697677237497146e+02,4.958969537319906522e+04
2.003000000000000000e+03,7.428326267599701396e+02,6.199461512164043961e+04
2.003000000000000000e+03,6.775509623707221181e+02,5.752608831189744524e+04
2.003000000000000000e+03,7.570836180975849175e+02,6.193479946733473480e+04
2.003000000000000000e+03,7.591768888422786858e+02,6.631744847909438249e+04
2.003000000000000000e+03,7.551476027125878545e+02,6.360548080244425364e+04
2.003000000000000000e+03,7.288996951162475852e+02,6.416632039398988854e+04
2.003000000000000000e+03,7.121214967983694351e+02,6.448955046248163853e+04
2.003000000000000000e+03,7.268736835318741214e+02,5.040572327274236159e+04
2.003000000000000000e+03,7.294368241804477293e+02,4.708517228732366493e+04
2.003000000000000000e+03,7.155073536004358630e+02,6.616965433792320255e+04
2.003000000000000000e+03,7.280916773198854344e+02,7.379032212104338396e+04
2.003000000000000000e+03,7.403163496174090596e+02,6.021217937037609954e+04
2.003000000000000000e+03,7.490739305347564141e+02,5.992849780402427132e+04
2.003000000000000000e+03,7.723397107375386668e+02,7.925712836322205840e+04
2.003000000000000000e+03,7.590743644089562849e+02,5.852628993474064191e+04
2.003000000000000000e+03,7.590774470309642084e+02,6.351255841691898240e+04
2.003000000000000000e+03,7.100095351533293524e+02,6.513446653843756212e+04
2.003000000000000000e+03,7.344799576214251147e+02,6.176539209055332321e+04
2.003000000000000000e+03,7.194974900958150101e+02,5.592534691622306855e+04
2.003000000000000000e+03,7.184278361496101297e+02,7.277937516827932268e+04
2.003000000000000000e+03,7.410967918836367971e+02,5.963021498294258345e+04
2.003000000000000000e+03,7.298944071307790864e+02,5.683445462616233999e+04
2.003000000000000000e+03,7.223310851859511104e+02,7.386206243026685843e+04
2.003000000000000000e+03,7.305079112905352758e+02,6.232283953470151027e+04
2.003000000000000000e+03,7.298997134015043002e+02,5.412404276987614867e+04
2.003000000000000000e+03,7.332654541328284949e+02,5.287188840102429822e+04
2.003000000000000000e+03,7.280304645605058340e+02,4.789791083343343053e+04
2.003000000000000000e+03,7.060383423950829638e+02,6.802929006556223612e+04
2.003000000000000000e+03,7.984103499916244573e+02,5.894804058109721518e+04
2.003000000000000000e+03,7.521297948576919907e+02,5.964607955637493433e+04
2.003000000000000000e+03,7.106543870694421230e+02,6.420957140455235640e+04
2.003000000000000000e+03,7.623356856274258462e+02,6.133550379338748462e+04
2.003000000000000000e+03,7.158930066634978857e+02,6.892809579172160011e+04
2.003000000000000000e+03,7.349603815536726188e+02,7.940083525142045983e+04
2.003000000000000000e+03,7.138622942780268659e+02,5.748765614900615765e+04
2.003000000000000000e+03,7.325478646059249286e+02,5.937158849764968909e+04
2.003000000000000000e+03,7.449487100731856799e+02,5.909126011591144925e+04
2.003000000000000000e+03,7.463020253023663599e+02,5.201188206804619404e+04
2.003000000000000000e+03,7.533967235207809381e+02,5.573168647028719715e+04
2.003000000000000000e+03,7.494783343534877531e+02,7.479911748270149110e+04
2.003000000000000000e+03,6.919360809466423916e+02,5.974595797171991580e+04
2.003000000000000000e+03,7.307044629122812012e+02,6.945179349013198225e+04
2.003000000000000000e+03,7.618564938933283202e+02,6.346194567727015965e+04
2.003000000000000000e+03,7.154588902947880342e+02,6.581279691408743383e+04
2.003000000000000000e+03,7.321244438967078167e+02,6.147902738768725249e+04
2.003000000000000000e+03,7.279570410028360357e+02,6.772528210049035260e+04
2.003000000000000000e+03,7.254144748606382791e+02,5.316921145426912699e+04
2.003000000000000000e+03,7.131320893466721600e+02,6.246772883053780970e+04
2.003000000000000000e+03,7.376632078139739406e+02,5.775113882185499824e+04
2.003000000000000000e+03,7.122638883873914892e+02,6.174797548388583527e+04
2.003000000000000000e+03,7.424752098834222807e+02,6.092689070417581388e+04
2.003000000000000000e+03,7.217608720316105746e+02,6.444627614551442821e+04
2.003000000000000000e+03,7.272406358632570118e+02,5.580235548601453047e+04
2.003000000000000000e+03,7.405592361933380516e+02,6.220895974098960869e+04
2.003000000000000000e+03,7.191583812378988796e+02,5.895302138208501856e+04
2.003000000000000000e+03,7.193680217729719288e+02,5.513317603980836429e+04
2.003000000000000000e+03,7.322107498594340314e+02,6.432529797833584598e+04
2.003000000000000000e+03,7.702043662219138014e+02,6.073942055296675971e+04
2.003000000000000000e+03,7.015779894278563233e+02,5.204865204054337664e+04
2.003000000000000000e+03,7.506099639561819004e+02,5.828928702774740668e+04
2.003000000000000000e+03,7.402400505099221846e+02,6.617264813255326590e+04
2.003000000000000000e+03,7.295458041480559359e+02,5.367864447968260356e+04
2.003000000000000000e+03,7.060416957916560250e+02,6.542449725498345651e+04
2.003000000000000000e+03,7.206177393390462385e+02,5.602756729068174172e+04
2.003000000000000000e+03,7.232706918446183408e+02,4.734419559821110306e+04
2.003000000000000000e+03,7.065300970021373814e+02,6.993029240613206639e+04
2.003000000000000000e+03,7.390179164704736650e+02,6.511542581547090958e+04
2.003000000000000000e+03,7.134457798771683201e+02,5.956407818673538713e+04
2.003000000000000000e+03,7.381909572236495478e+02,5.835888065114971687e+04
2.003000000000000000e+03,7.470276665258937783e+02,6.713491098446724936e+04
2.003000000000000000e+03,7.607474330883609355e+02,6.342829190633429971e+04
2.003000000000000000e+03,7.013791226669138723e+02,6.849236168113502208e+04
2.003000000000000000e+03,7.112703671970834876e+02,5.391492108433411340e+04
2.003000000000000000e+03,6.813098049901785771e+02,7.241937568624064443e+04
2.003000000000000000e+03,7.183095965383922703e+02,7.133715096258523408e+04
2.003000000000000000e+03,7.322332074195462610e+02,7.638448755274432187e+04
2.003000000000000000e+03,7.144295521025866265e+02,5.744019728910217964e+04
2.004000000000000000e+03,7.342877791786320358e+02,3.965366080617256375e+04
2.004000000000000000e+03,7.154524029330810890e+02,6.490734160742968379e+04
2.004000000000000000e+03,7.013949839498322945e+02,5.808938267439995252e+04
2.004000000000000000e+03,7.088487540947248817e+02,6.294119923599251342e+04
2.004000000000000000e+03,7.531260673215389261e+02,6.347458145742299530e+04
2.004000000000000000e+03,7.194204329928530797e+02,6.001877939623895509e+04
2.004000000000000000e+03,7.620933620258448400e+02,6.427160291702598624e+04
2.004000000000000000e+03,7.431044358954277413e+02,7.348825116836566303e+04
2.004000000000000000e+03,7.380812846263212350e+02,5.480531226402385801e+04
2.004000000000000000e+03,7.323931214976137198e+02,6.065143158506862528e+04
2.004000000000000000e+03,7.120473468763706251e+02,5.265433374476717290e+04
2.004000000000000000e+03,7.355058270090113410e+02,5.587505139666146715e+04
2.004000000000000000e+03,7.778672636186909131e+02,6.583114873420950607e+04
2.004000000000000000e+03,7.140562323371424327e+02,5.674311857252813206e+04
2.004000000000000000e+03,7.725063798875506791e+02,6.554215918457975204e+04
2.004000000000000000e+03,7.280783680575448216e+02,5.192467016388580669e+04
2.004000000000000000e+03,7.181515615238783994e+02,4.742604647578399454e+04
2.004000000000000000e+03,7.289622750172761698e+02,5.754137525254243519e+04
2.004000000000000000e+03,7.248946014205698702e+02,5.827573501894975925e+04
2.004000000000000000e+03,7.414956418178253443e+02,5.635935969958339410e+04
2.004000000000000000e+03,7.798413945986034150e+02,6.363956194907770987e+04
2.004000000000000000e+03,6.835477235571592018e+02,4.645334613944175362e+04
2.004000000000000000e+03,6.888441143386919521e+02,5.772277597532798973e+04
2.004000000000000000e+03,7.207611699321803371e+02,4.737132391459630162e+04
2.004000000000000000e+03,7.138652855042776082e+02,6.677156913121504476e+04
2.004000000000000000e+03,7.721018985884791164e+02,6.157604017917760939e+04
2.004000000000000000e+03,7.412531270714237053e+02,4.384231259783224959e+04
2.004000000000000000e+03,7.353371212023765793e+02,6.278219948608696723e+04
2.004000000000000000e+03,6.975096083037103654e+02,5.828602945568404539e+04
2.004000000000000000e+03,7.382848033637399112e+02,6.344996394768981554e+04
2.004000000000000000e+03,7.294074358393485227e+02,5.595065027426837332e+04
2.004000000000000000e+03,7.338697256092405041e+02,5.486687710942916601e+04
2.004000000000000000e+03,7.000281480434393870e+02,5.307031038714571332e+04
2.004000000000000000e+03,7.145949209681926959e+02,7.326037590540762176e+04
2.004000000000000000e+03,7.270762501749692319e+02,4.563082485670917958e+04
2.004000000000000000e+03,7.551528490087227965e+02,6.612046583075025410e+04
2.004000000000000000e+03,7.148952307816953180e+02,5.497002522319456330e+04
2.004000000000000000e+03,7.192796188142949632e+02,6.587854702280732454e+04
2.004000000000000000e+03,7.208112017230324682e+02,7.185927537776056852e+04
2.004000000000000000e+03,7.420001522067950646e+02,5.865946104319440929e+04
2.004000000000000000e+03,7.240322254222105585e+02,5.458018273121672974e+04
2.004000000000000000e+03,7.302111325751925506e+02,6.348614924073642032e+04
2.004000000000000000e+03,7.548608869277734357e+02,6.859490094243190833e+04
2.004000000000000000e+03,7.152954238296015319e+02,6.770428244587493828e+04
2.004000000000000000e+03,7.392415405255623000e+02,3.964052034344937420e+04
2.004000000000000000e+03,7.085432174352865786e+02,5.526281640114045149e+04
2.004000000000000000e+03,7.734663820198501298e+02,6.964040529058553511e+04
2.004000000000000000e+03,7.218073782853372222e+02,6.759259237571270205e+04
2.004000000000000000e+03,6.939043635827274557e+02,6.372426212002740795e+04
2.004000000000000000e+03,7.232378584453090298e+02,6.767126675498805707e+04
2.004000000000000000e+03,7.554938345564943347e+02,6.127474810557201999e+04
2.004000000000000000e+03,7.156987159100257259e+02,5.096016286513204250e+04
2.004000000000000000e+03,7.569347236404881869e+02,6.059462865897299343e+04
2.004000000000000000e+03,7.577497500000994251e+02,5.967168512545996782e+04
2.004000000000000000e+03,7.289827763774915184e+02,6.958042818475488457e+04
2.004000000000000000e+03,7.595264465098397295e+02,5.774173639782908867e+04
2.004000000000000000e+03,7.211075088650206908e+02,7.796262932233689935e+04
2.004000000000000000e+03,7.417596764013667325e+02,6.736782278077719093e+04
2.004000000000000000e+03,7.406002702411169594e+02,6.756539042829393293e+04
2.004000000000000000e+03,6.957045994223037724e+02,6.336113709428136644e+04
2.004000000000000000e+03,7.399441732237252154e+02,4.799867179700470297e+04
2.004000000000000000e+03,7.440239560230835423e+02,5.848992957531182037e+04
2.004000000000000000e+03,7.417087339157052384e+02,5.827293735105723317e+04
2.004000000000000000e+03,7.335423172587798035e+02,6.591998519027837028e+04
2.004000000000000000e+03,7.736878108393573257e+02,5.339944571378288674e+04
2.004000000000000000e+03,7.569627322262645066e+02,5.613211852348333196e+04
2.004000000000000000e+03,6.965119335471536033e+02,5.913583149328894797e+04
2.004000000000000000e+03,7.354469732666361779e+02,5.973251494854409975e+04
2.004000000000000000e+03,7.086771125094234094e+02,7.156389145027834456e+04
2.004000000000000000e+03,7.667164834902234816e+02,6.574608294299301633e+04
2.004000000000000000e+03,7.139879644259204952e+02,6.560933609066792997e+04
2.004000000000000000e+03,7.078447225287093261e+02,6.967349771782469179e+04
2.004000000000000000e+03,7.083899173202723887e+02,6.970997327983708237e+04
2.004000000000000000e+03,7.673168066212399481e+02,6.213118515888647380e+04
2.004000000000000000e+03,7.060817571254428913e+02,4.484685289894477319e+04
2.004000000000000000e+03,7.024988868004262486e+02,6.459678809247177560e+04
2.004000000000000000e+03,7.161149487871988413e+02,5.681560980302080861e+04
2.005000000000000000e+03,7.252596800945029827e+02,6.754716568798001390e+04
2.005000000000000000e+03,7.508353307902343658e+02,6.052008045696292538e+04
2.005000000000000000e+03,7.368998863179207319e+02,6.825195317813775910e+04
2.005000000000000000e+03,7.608577290573674645e+02,6.693497472076831036e+04
2.005000000000000000e+03,7.164335327351028582e+02,3.607668158490824862e+04
2.005000000000000000e+03,7.020087693165853580e+02,6.223167841498907364e+04
2.005000000000000000e+03,7.218839371542585468e+02,5.215476518819800549e+04
2.005000000000000000e+03,7.257148681028819510e+02,4.370714148340098473e+04
2.005000000000000000e+03,6.771248656599439073e+02,6.253867209711822215e+04
2.005000000000000000e+03,7.125544898065599000e+02,6.486720815682827379e+04
2.005000000000000000e+03,7.030358526608865759e+02,5.748325503325321188e+04
2.005000000000000000e+03,7.318567576038533389e+02,5.911231912275235663e+04
2.005000000000000000e+03,7.363732611693919807e+02,4.908746866240580130e+04
2.005000000000000000e+03,6.693696289946159368e+02,5.701677840931524406e+04
2.005000000000000000e+03,7.353112435394502882e+02,5.386515291000717843e+04
2.005000000000000000e+03,7.006249113921927574e+02,5.349897645320310403e+04
2.005000000000000000e+03,7.280258863104239708e+02,6.744471883403060201e+04
2.005000000000000000e+03,7.562585994875531696e+02,5.951566741413209820e+04
2.005000000000000000e+03,7.344667133147711411e+02,6.986830464602861321e+04
2.005000000000000000e+03,7.164616681700908885e+02,5.582369158205318672e+04
2.005000000000000000e+03,7.421169292765259797e+02,5.662971293056903960e+04
2.005000000000000000e+03,7.389076522058810497e+02,5.415361646554814070e+04
2.005000000000000000e+03,7.176156913017608758e+02,6.899889142028943752e+04
2.005000000000000000e+03,7.409658530462738781e+02,5.072727254926988098e+04
2.005000000000000000e+03,7.377603763489047424e+02,5.630322626251284964e+04
2.005000000000000000e+03,7.360760095809196173e+02,7.215001727766073600e+04
2.005000000000000000e+03,7.116275580345161416e+02,6.282539113531182375e+04
2.005000000000000000e+03,7.541635697042858055e+02,6.009258797206485906e+04
2.005000000000000000e+03,7.350737278103865719e+02,7.289016352109548461e+04
2.005000000000000000e+03,7.546376063302589046e+02,6.031771521933106851e+04
2.005000000000000000e+03,7.147650630187014258e+02,6.326869859143358917e+04
2.005000000000000000e+03,7.259458234013122819e+02,6.351569921508263360e+04
2.005000000000000000e+03,7.011620208237067118e+02,4.899545103779228521e+04
2.005000000000000000e+03,7.472293859539357754e+02,5.458570044764230261e+04
2.005000000000000000e+03,7.553914212097387235e+02,7.139616155785712181e+04
2.005000000000000000e+03,6.958194529122829408e+02,5.388191707807861530e+04
2.005000000000000000e+03,7.163118237635051173e+02,7.149072915477157221e+04
2.005000000000000000e+03,7.563083553212053403e+02,7.547511979151483683e+04
2.005000000000000000e+03,7.242111185832142155e+02,6.241248497690774093e+04
2.005000000000000000e+03,6.933636056384971198e+02,6.335650761503337708e+04
2.005000000000000000e+03,7.542374568208912251e+02,5.835120660764390050e+04
2.005000000000000000e+03,7.190420944374674264e+02,6.920250540397218720e+04
2.005000000000000000e+03,7.272731465010822376e+02,5.530250867116415611e+04
2.005000000000000000e+03,7.022309417634801321e+02,6.206392386686288955e+04
2.005000000000000000e+03,7.422608141667539030e+02,6.018585013683035504e+04
2.005000000000000000e+03,7.350435098561831637e+02,6.819918047112878412e+04
2.005000000000000000e+03,7.323774832256169702e+02,5.986682562802102620e+04
2.005000000000000000e+03,7.235986019071800683e+02,5.909278217943440541e+04
2.005000000000000000e+03,7.006117264613146745e+02,5.249230636323968065e+04
2.005000000000000000e+03,7.045246782047524903e+02,6.586255539760804095e+04
2.005000000000000000e+03,7.096207073750058498e+02,5.809271308521904575e+04
2.005000000000000000e+03,7.455267988482709143e+02,5.034342200949037215e+04
2.005000000000000000e+03,7.033872837706667269e+02,6.890591410611911851e+04
2.005000000000000000e+03,7.709505236231187837e+02,6.141957180562624853e+04
2.005000000000000000e+03,7.560354993552305132e+02,7.134993968971236609e+04
2.005000000000000000e+03,7.440862722563055058e+02,5.289452382276072603e+04
2.005000000000000000e+03,7.450565410594271043e+02,5.875775881622580346e+04
2.005000000000000000e+03,7.110621506245578303e+02,7.495804502852076257e+04
2.005000000000000000e+03,7.215459010538269240e+02,6.372616079217799415e+04
2.005000000000000000e+03,7.031679038010519207e+02,7.609637775382501422e+04
2.005000000000000000e+03,7.316144892362906376e+02,5.309992934557835542e+04
2.005000000000000000e+03,7.323056967451482251e+02,6.091272056506836816e+04
2.005000000000000000e+03,7.199547002788997361e+02,5.200369967418250599e+04
2.005000000000000000e+03,7.193424305781943531e+02,6.536919879895419581e+04
2.005000000000000000e+03,7.525410941662299820e+02,6.622563242810730299e+04
2.005000000000000000e+03,7.002630436232292368e+02,5.004072769936223631e+04
2.005000000000000000e+03,7.252928663750865326e+02,6.480032327569152403e+04
2.005000000000000000e+03,7.343056251052121297e+02,7.966425133349921089e+04
2.005000000000000000e+03,7.470302049977243541e+02,5.707357818940124707e+04
2.005000000000000000e+03,7.567666014180402954e+02,5.867086029072931706e+04
2.005000000000000000e+03,7.263511982128748059e+02,5.744609547796566767e+04
2.005000000000000000e+03,7.555899567336474547e+02,4.365625187197382184e+04
2.005000000000000000e+03,7.356066961335651513e+02,4.346692849561290495e+04
2.005000000000000000e+03,7.555304399065356620e+02,6.387798663209113874e+04
2.005000000000000000e+03,7.092760625656395632e+02,5.623427069358443987e+04
2.005000000000000000e+03,7.017232314892582963e+02,6.552962144682419603e+04
2.005000000000000000e+03,6.970481670650555088e+02,5.815855956314303330e+04
2.006000000000000000e+03,7.024042117252588469e+02,5.867977307909251249e+04
2.006000000000000000e+03,7.472874179687015612e+02,6.174968691123448662e+04
2.006000000000000000e+03,7.200343221614514277e+02,7.388364330380702449e+04
2.006000000000000000e+03,7.252882475838018763e+02,6.617642421975970501e+04
2.006000000000000000e+03,7.050131874466222826e+02,7.033908656997878279e+04
2.006000000000000000e+03,7.253616962469930058e+02,6.433455072817049222e+04
2.006000000000000000e+03,7.331798082072721172e+02,4.857581878333089844e+04
2.006000000000000000e+03,7.201129937487655752e+02,6.473060295583189873e+04
2.006000000000000000e+03,7.367804783114560223e+02,5.431957382318755845e+04
2.006000000000000000e+03,7.404750269495347084e+02,5.824948804002134420e+04
2.006000000000000000e+03,7.373951271106446939e+02,6.055327584329062665e+04
2.006000000000000000e+03,7.061395677409130940e+02,6.806880043219083745e+04
2.006000000000000000e+03,6.686804928122263618e+02,5.704662728794429131e+04
2.006000000000000000e+03,7.556219014253719024e+02,6.220784254024249094e+04
2.006000000000000000e+03,7.224083992885020962e+02,6.252393428958555160e+04
2.006000000000000000e+03,7.169984606640387028e+02,6.866413712321358616e+04
2.006000000000000000e+03,7.402336109894297351e+02,3.506846750633145712e+04
2.006000000000000000e+03,7.010142575371239673e+02,5.277717467954639142e+04
2.006000000000000000e+03,7.194906131937924556e+02,5.345442593173529895e+04
2.006000000000000000e+03,7.272871671553629085e+02,6.673754349060657842e+04
2.006000000000000000e+03,7.302294258685042223e+02,6.682412149689020589e+04
2.006000000000000000e+03,7.636245134447965484e+02,5.847419924818104482e+04
2.006000000000000000e+03,7.405121545850895473e+02,6.298602986508991307e+04
2.006000000000000000e+03,7.576242798306199120e+02,5.647068756746858708e+04
2.006000000000000000e+03,7.461126508846224397e+02,5.281125634925451595e+04
2.006000000000000000e+03,7.538372478841758948e+02,7.129725449059973471e+04
2.006000000000000000e+03,7.276081530357929523e+02,5.439852063310296944e+04
2.006000000000000000e+03,7.534806193463386990e+02,7.917638350909821747e+04
2.006000000000000000e+03,7.473589472811682981e+02,5.067855633022141410e+04
2.006000000000000000e+03,7.712937837146142783e+02,8.152334498135764443e+04
2.006000000000000000e+03,7.130988854969958766e+02,6.599124300417125050e+04
2.006000000000000000e+03,7.658897698787344552e+02,7.161703512301543378e+04
2.006000000000000000e+03,7.268488437881205755e+02,5.816125177705890383e+04
2.006000000000000000e+03,7.234909204452897029e+02,5.213790514617926965e+04
2.006000000000000000e+03,7.336100829152782126e+02,6.420423074291765806e+04
2.006000000000000000e+03,7.017237267894848856e+02,4.630516168816652498e+04
2.006000000000000000e+03,6.868356751338028516e+02,6.422711089114513015e+04
2.006000000000000000e+03,7.297207855398106631e+02,4.794329036411237030e+04
2.006000000000000000e+03,7.187659997290335241e+02,7.344080487892935344e+04
2.006000000000000000e+03,7.105242695265176280e+02,5.982346921843966265e+04
2.006000000000000000e+03,7.543064747904104479e+02,4.130952818311318697e+04
2.006000000000000000e+03,7.341893668909918915e+02,5.766966174565827532e+04
2.006000000000000000e+03,7.374433968809719318e+02,5.123747045934226480e+04
2.006000000000000000e+03,7.226916940554330040e+02,6.606251915496177389e+04
2.006000000000000000e+03,7.760485606123663729e+02,6.381997520143307338e+04
2.006000000000000000e+03,7.285235044077571729e+02,6.745847305881268403e+04
2.006000000000000000e+03,7.075722562589947984e+02,7.112296167139704630e+04
2.006000000000000000e+03,7.431633241935804790e+02,5.641216203744571249e+04
2.006000000000000000e+03,7.366219170886555503e+02,4.351435769141504716e+04
2.006000000000000000e+03,7.128964188498981684e+02,6.188878857000588323e+04
2.006000000000000000e+03,6.573051808609428690e+02,7.340679404412649455e+04
2.006000000000000000e+03,7.333631283306439173e+02,7.053954450875900511e+04
2.006000000000000000e+03,7.201422311058311152e+02,5.646535967974023515e+04
2.006000000000000000e+03,7.125062950094826419e+02,4.651383360319783969e+04
2.006000000000000000e+03,7.641740507275970913e+02,7.100756707660378015e+04
2.006000000000000000e+03,7.615111770501476940e+02,5.896344535552214074e+04
2.006000000000000000e+03,7.573740594305205605e+02,5.628505718375618017e+04
2.006000000000000000e+03,7.519283206876795020e+02,5.233762920788999327e+04
2.006000000000000000e+03,7.196738924155235964e+02,6.234632507254382654e+04
2.006000000000000000e+03,7.587251435412167666e+02,6.360334794917338149e+04
2.006000000000000000e+03,6.926169040696195225e+02,6.908063996722181037e+04
2.006000000000000000e+03,7.203721536961085121e+02,6.073119696923173615e+04
2.006000000000000000e+03,7.163857978130403126e+02,5.603824563422113715e+04
2.006000000000000000e+03,7.537917709441301213e+02,6.935981966982975428e+04
2.006000000000000000e+03,7.440576857531665382e+02,5.073811685062853940e+04
2.006000000000000000e+03,7.183366336539858139e+02,6.449206046766461805e+04
2.006000000000000000e+03,7.058628869201796761e+02,3.572059216316447419e+04
2.006000000000000000e+03,7.311520348745087858e+02,6.291409815051284386e+04
2.006000000000000000e+03,6.971438364788916715e+02,6.471203517735243076e+04
2.006000000000000000e+03,7.320047389097528594e+02,5.550438087313677534e+04
2.006000000000000000e+03,7.415441171928461017e+02,6.175278846335937124e+04
2.006000000000000000e+03,7.004559906842862347e+02,5.875592477750217222e+04
2.006000000000000000e+03,7.032577505066503818e+02,5.089642858056636760e+04
2.006000000000000000e+03,7.315430836078797938e+02,6.541065047842122294e+04
2.006000000000000000e+03,7.381802866541829644e+02,4.587734818037308287e+04
2.006000000000000000e+03,6.795423266366203734e+02,5.308375461730221286e+04
2.006000000000000000e+03,7.156358759814812629e+02,4.707181252703495556e+04
2.007000000000000000e+03,7.281914266861040232e+02,5.762761168319284479e+04
2.007000000000000000e+03,7.102622622770807084e+02,5.440236137479701574e+04
2.007000000000000000e+03,7.076613365520433945e+02,5.541416513059639692e+04
2.007000000000000000e+03,7.554543988871018882e+02,7.159272141340537928e+04
2.007000000000000000e+03,7.173564082773638120e+02,5.696143659697377734e+04
2.007000000000000000e+03,7.171514751157958472e+02,6.107817076510986954e+04
2.007000000000000000e+03,7.377038941371922647e+02,6.695045056095960899e+04
2.007000000000000000e+03,6.936647346609657916e+02,5.262701956437020272e+04
2.007000000000000000e+03,7.610205858182691827e+02,5.608122286161936063e+04
2.007000000000000000e+03,7.328258111845922258e+02,6.373705743458656070e+04
2.007000000000000000e+03,7.132827154554812523e+02,5.514227066989881860e+04
2.007000000000000000e+03,7.170880258831855372e+02,5.253017918232483498e+04
2.007000000000000000e+03,7.269908105677416188e+02,4.489383581266218243e+04
2.007000000000000000e+03,7.378953539856901216e+02,5.230641832795224036e+04
2.007000000000000000e+03,7.147624161952400073e+02,6.262869371816031344e+04
2.007000000000000000e+03,7.312744410006023372e+02,7.569554085084513645e+04
2.007000000000000000e+03,6.995718214463132654e+02,5.514266419330476492e+04
2.007000000000000000e+03,7.157234782865339184e+02,4.534010255692154169e+04
2.007000000000000000e+03,7.313817818421235870e+02,5.799223986815557146e+04
2.007000000000000000e+03,7.674787500989166347e+02,6.094185735717603529e+04
2.007000000000000000e+03,7.595868310041678342e+02,6.707105923788591463e+04
2.007000000000000000e+03,7.331896941073684957e+02,4.889667613943661854e+04
2.007000000000000000e+03,6.974608662682471731e+02,6.534240399497218459e+04
2.007000000000000000e+03,7.359234113667150723e+02,6.236736271571615362e+04
2.007000000000000000e+03,7.507057629584188589e+02,5.493492044283597352e+04
2.007000000000000000e+03,7.360831319792464456e+02,5.523313198788542650e+04
2.007000000000000000e+03,7.637240160718226889e+02,7.053469917500654992e+04
2.007000000000000000e+03,7.002869824681896489e+02,5.071493169971026509e+04
2.007000000000000000e+03,7.174470405668993180e+02,6.754948480613695574e+04
2.007000000000000000e+03,7.309671228630440964e+02,4.505380660500910744e+04
2.007000000000000000e+03,7.435177387170300563e+02,6.460335937417121750e+04
2.007000000000000000e+03,7.558346928746026379e+02,5.002084630555762124e+04
2.007000000000000000e+03,7.119007005641664136e+02,6.701582833437087538e+04
2.007000000000000000e+03,7.223436169755634637e+02,5.674210814095348906e+04
2.007000000000000000e+03,6.886206320642625087e+02,6.812692136746228789e+04
2.007000000000000000e+03,7.385510149158120612e+02,6.238317791095060966e+04
2.007000000000000000e+03,7.442784255940124467e+02,5.076016084190741822e+04
2.007000000000000000e+03,7.389012714593262672e+02,7.220523123282101005e+04
2.007000000000000000e+03,7.599066223221290102e+02,6.968338990962575190e+04
2.007000000000000000e+03,7.730051302501487953e+02,5.704718612532475527e+04
2.007000000000000000e+03,7.657497520142476333e+02,5.572309947686058149e+04
2.007000000000000000e+03,7.257141628243480227e+02,7.653242813463100174e+04
2.007000000000000000e+03,7.280039357174030101e+02,6.011511207343175192e+04
2.007000000000000000e+03,7.276917745829853175e+02,6.679733571577913244e+04
2.007000000000000000e+03,7.096658825356386160e+02,5.954344852451343468e+04
2.007000000000000000e+03,7.166511527973619877e+02,5.723599575923843804e+04
2.007000000000000000e+03,7.065946669696857043e+02,6.465577824821091781e+04
2.007000000000000000e+03,7.256802765255197301e+02,6.498975841006413975e+04
2.007000000000000000e+03,6.938647644497349347e+02,6.850444074421482219e+04
2.007000000000000000e+03,7.442027365700683958e+02,6.282186469084442797e+04
2.007000000000000000e+03,7.274768428428369589e+02,4.729656464890198549e+04
2.007000000000000000e+03,7.331618871863349796e+02,5.441312018274072761e+04
2.007000000000000000e+03,7.539387551185494658e+02,6.286585536350926850e+04
2.007000000000000000e+03,7.350929138656013038e+02,5.514129612653054210e+04
2.007000000000000000e+03,7.249616366322471777e+02,7.175392789602317498e+04
2.007000000000000000e+03,7.175555402032288157e+02,4.764490994792858692e+04
2.007000000000000000e+03,7.067014214381996453e+02,6.158776394627352420e+04
2.007000000000000000e+03,7.706188460226773032e+02,5.844648674070685229e+04
2.007000000000000000e+03,7.134383689694446957e+02,6.299791461989529489e+04
2.007000000000000000e+03,7.325295993931517842e+02,4.711920048714798759e+04
2.007000000000000000e+03,7.330259512480478179e+02,5.575885896217517438e+04
2.007000000000000000e+03,7.348842962279603626e+02,5.697812854951171903e+04
2.007000000000000000e+03,6.803920264612871733e+02,5.531463311944850284e+04
2.007000000000000000e+03,7.031323954678921382e+02,6.370865048380292137e+04
2.007000000000000000e+03,7.371570653779347140e+02,4.760476621996446920e+04
2.007000000000000000e+03,7.255996234354853414e+02,5.747794511400765623e+04
2.007000000000000000e+03,7.155994621206573356e+02,6.382898949049803923e+04
2.007000000000000000e+03,7.292472172469829275e+02,6.012387826119626698e+04
2.007000000000000000e+03,7.317132192821248964e+02,7.034823357731639408e+04
2.007000000000000000e+03,7.334287975235794192e+02,6.103550255229393224e+04
2.007000000000000000e+03,7.458674238921994402e+02,5.683102803944797051e+04
2.007000000000000000e+03,6.864017208634318195e+02,6.177589297188318596e+04
2.007000000000000000e+03,6.897626260093300061e+02,6.026058741401578300e+04
2.007000000000000000e+03,7.381440690370239963e+02,5.781753006694780197e+04
2.007000000000000000e+03,7.441832076391187911e+02,6.523428545364759339e+04
2.007000000000000000e+03,7.015565574833922255e+02,5.043997896253352519e+04
2.007000000000000000e+03,7.336864691539491332e+02,6.755515888511697995e+04
2.008000000000000000e+03,7.353613523233990463e+02,5.943375667873967177e+04
2.008000000000000000e+03,7.392525258031195108e+02,8.867771045160657377e+04
2.008000000000000000e+03,7.399252430472905644e+02,6.285267004228759470e+04
2.008000000000000000e+03,7.296258160957642076e+02,5.482683258418245532e+04
2.008000000000000000e+03,7.245974321047810918e+02,5.738460429515926808e+04
2.008000000000000000e+03,7.047866090816195310e+02,5.819376126844889222e+04
2.008000000000000000e+03,7.215365332260305422e+02,6.204887688761769823e+04
2.008000000000000000e+03,6.840903639934444982e+02,7.397702372975616890e+04
2.008000000000000000e+03,7.542859414946592551e+02,6.570645640485249169e+04
2.008000000000000000e+03,7.497703444391443099e+02,5.367595508966781199e+04
2.008000000000000000e+03,7.474978184226399662e+02,7.915949684683834494e+04
2.008000000000000000e+03,7.178056184545372389e+02,7.020267146019526990e+04
2.008000000000000000e+03,7.487435485356186291e+02,6.014936330170235306e+04
2.008000000000000000e+03,7.282617032392129204e+02,6.118093774613352434e+04
2.008000000000000000e+03,7.156887849415990104e+02,6.351381313375447644e+04
2.008000000000000000e+03,7.057002003023616226e+02,4.448983551625678956e+04
2.008000000000000000e+03,7.033434798466513485e+02,4.506132919778112409e+04
2.008000000000000000e+03,7.118470339201218167e+02,5.803156179705283284e+04
2.008000000000000000e+03,7.413603872151766154e+02,6.980559662382169336e+04
2.008000000000000000e+03,6.987754453672096133e+02,6.791968050530694018e+04
2.008000000000000000e+03,7.088411658808250877e+02,5.917889203159958561e+04
2.008000000000000000e+03,7.494057297856667219e+02,5.136366202568922017e+04
2.008000000000000000e+03,7.337821115686516578e+02,5.467434931842570222e+04
2.008000000000000000e+03,7.616338239115317492e+02,5.015012492451856815e+04
2.008000000000000000e+03,7.237249563998670965e+02,6.912607064744908712e+04
2.008000000000000000e+03,7.216762168697957804e+02,5.799250973998993868e+04
2.008000000000000000e+03,7.000466219067619704e+02,6.527694267407556617e+04
2.008000000000000000e+03,7.355555243063118951e+02,6.479149569241415884e+04
2.008000000000000000e+03,8.000000000000000000e+02,5.136058802860364085e+04
2.008000000000000000e+03,7.298335588969225682e+02,5.741250817861967516e+04
2.008000000000000000e+03,7.305551441638249344e+02,6.098051088732556673e+04
2.008000000000000000e+03,7.163430510478558517e+02,5.481988830015307758e+04
2.008000000000000000e+03,7.408021168223788209e+02,6.400009838275924994e+04
2.008000000000000000e+03,7.624147101025432676e+02,4.893739144229424710e+04
2.008000000000000000e+03,7.394795797556979551e+02,6.036413408588297898e+04
2.008000000000000000e+03,7.391893644143158326e+02,6.197049135658860905e+04
2.008000000000000000e+03,7.154361230810442294e+02,5.947953489814564819e+04
2.008000000000000000e+03,7.210215414719734781e+02,7.640542869408207480e+04
2.008000000000000000e+03,7.747904725328330642e+02,6.008068890380245284e+04
2.008000000000000000e+03,7.589500910004586558e+02,5.982444736601457407e+04
2.008000000000000000e+03,7.532515327291525864e+02,6.414480894778846414e+04
2.008000000000000000e+03,7.301313895652467636e+02,4.807194348971307772e+04
2.008000000000000000e+03,7.118044082089215863e+02,5.113738191582217405e+04
2.008000000000000000e+03,7.182353112479707988e+02,5.398192272249526286e+04
2.008000000000000000e+03,7.419033749067813233e+02,5.550197056831459486e+04
2.008000000000000000e+03,7.752064948469669616e+02,6.674563532475614920e+04
2.008000000000000000e+03,7.274138143355077091e+02,5.531365810178076208e+04
2.008000000000000000e+03,7.354684472719940231e+02,5.092849981514542014e+04
2.008000000000000000e+03,7.523002865473621341e+02,5.395261709649432305e+04
2.008000000000000000e+03,7.363240218803233574e+02,5.330977331201596826e+04
2.008000000000000000e+03,7.391880251164088804e+02,6.936097352663175843e+04
2.008000000000000000e+03,7.248857924784362012e+02,5.328288365520070511e+04
2.008000000000000000e+03,7.777619807755963848e+02,7.673781918107658566e+04
2.008000000000000000e+03,7.012151798156587574e+02,6.646473568951668858e+04
2.008000000000000000e+03,6.869164750629533955e+02,5.878393760965603724e+04
2.008000000000000000e+03,7.227317178277531866e+02,6.960983604112407193e+04
2.008000000000000000e+03,7.568982493711010875e+02,4.846574578568650759e+04
2.008000000000000000e+03,7.339277025334200744e+02,8.621599907820066437e+04
2.008000000000000000e+03,7.220081495700331971e+02,5.193872362567747041e+04
2.008000000000000000e+03,7.410089948565613440e+02,4.945018100780413079e+04
2.008000000000000000e+03,7.363521699688493527e+02,7.747947122672869591e+04
2.008000000000000000e+03,7.449731574120366986e+02,6.138384248759542243e+04
2.008000000000000000e+03,6.994004391321986986e+02,6.496609047269859730e+04
2.008000000000000000e+03,7.097366801292016589e+02,6.076208596397010115e+04
2.008000000000000000e+03,7.506952921873570403e+02,6.661943428253295133e+04
2.008000000000000000e+03,7.381157385641992050e+02,4.319366341285255476e+04
2.008000000000000000e+03,7.255758105086518981e+02,5.687032361117457185e+04
2.008000000000000000e+03,7.176814746619871812e+02,5.797603919811780361e+04
2.008000000000000000e+03,7.467502821545328970e+02,6.655557255412523227e+04
2.008000000000000000e+03,6.933748807479166771e+02,6.661769019723401289e+04
2.008000000000000000e+03,7.387088504869533381e+02,5.695329659700677439e+04
2.008000000000000000e+03,7.298531175076669797e+02,6.567154210126811813e+04
2.008000000000000000e+03,7.294390786788287642e+02,5.549284228922780312e+04
2.008000000000000000e+03,7.442908946853513044e+02,5.436532067532743531e+04
2.008000000000000000e+03,7.135995106296594486e+02,5.637633412916307861e+04
2.008000000000000000e+03,7.356951877370696593e+02,5.945785209120723448e+04
2.008000000000000000e+03,7.345868849169951318e+02,3.715067362893504469e+04
2.009000000000000000e+03,7.461497108822442215e+02,4.622577283242662088e+04
2.009000000000000000e+03,7.668123409723212944e+02,5.325527173802931065e+04
2.009000000000000000e+03,7.908764177409286731e+02,5.717324752660898230e+04
2.009000000000000000e+03,7.257039682781313559e+02,6.233059110772567510e+04
2.009000000000000000e+03,7.506403523519165901e+02,6.370601299376694806e+04
2.009000000000000000e+03,6.925245668309705707e+02,5.706154454604857165e+04
2.009000000000000000e+03,7.793810738249137557e+02,6.444344599781795841e+04
2.009000000000000000e+03,7.609588742044348919e+02,4.922192319114885322e+04
2.009000000000000000e+03,7.170022016393869535e+02,5.951590996376562543e+04
2.009000000000000000e+03,7.081927021485136038e+02,5.623454911033251119e+04
2.009000000000000000e+03,7.538124249938339290e+02,5.169567288062950684e+04
2.009000000000000000e+03,6.812284252155847071e+02,5.401407961902632087e+04
2.009000000000000000e+03,7.333994613514346383e+02,5.483312924758321606e+04
2.009000000000000000e+03,7.189067200986310127e+02,5.655391225916719850e+04
2.009000000000000000e+03,7.337529250506242988e+02,6.172894799159055401e+04
2.009000000000000000e+03,7.365201017440269879e+02,6.169799801404862956e+04
2.009000000000000000e+03,7.178690432787644795e+02,5.989640350538863277e+04
2.009000000000000000e+03,7.005081509940267779e+02,6.650186674613655487e+04
2.009000000000000000e+03,6.923378665551182394e+02,6.765279905490955571e+04
2.009000000000000000e+03,7.346444456346206380e+02,5.049030281815357012e+04
2.009000000000000000e+03,7.202338767693642012e+02,5.840713205713616480e+04
2.009000000000000000e+03,7.546323384401207477e+02,6.731265004698612029e+04
2.009000000000000000e+03,6.883353106768904581e+02,5.873407234318362316e+04
2.009000000000000000e+03,7.204903485929839917e+02,4.575034907342582301e+04
2.009000000000000000e+03,7.350004065863710139e+02,3.915834818956090749e+04
2.009000000000000000e+03,7.773881294513740841e+02,7.730034162199994898e+04
2.009000000000000000e+03,7.856567309218876289e+02,5.519686465497189783e+04
2.009000000000000000e+03,7.407557718175745549e+02,7.246112541769498785e+04
2.009000000000000000e+03,7.439029836154359145e+02,5.466918834039192006e+04
2.009000000000000000e+03,7.229248260884505726e+02,4.571854132851259055e+04
2.009000000000000000e+03,7.478647133013080293e+02,5.762467113490868360e+04
2.009000000000000000e+03,7.230666015352248905e+02,6.666807006999583973e+04
2.009000000000000000e+03,7.637940103757199495e+02,4.716086088020543684e+04
2.009000000000000000e+03,7.060295978579536040e+02,3.079253648941513165e+04
2.009000000000000000e+03,7.275809799324123333e+02,5.376976662077416404e+04
2.009000000000000000e+03,7.333088071330439561e+02,5.993014581838571030e+04
2.009000000000000000e+03,7.400189048367566329e+02,6.268070338943874231e+04
2.009000000000000000e+03,7.297584375542535327e+02,8.157282114417105913e+04
2.009000000000000000e+03,7.111028557463563402e+02,7.304440994970907923e+04
2.009000000000000000e+03,7.428583136226043280e+02,7.430791576022314257e+04
2.009000000000000000e+03,6.688108849254604138e+02,5.969717342322626791e+04
2.009000000000000000e+03,7.216510087682695485e+02,4.825288479039050435e+04
2.009000000000000000e+03,7.416174862746305507e+02,5.854047797544144851e+04
2.009000000000000000e+03,6.767523221171692285e+02,5.707007533680732740e+04
2.009000000000000000e+03,7.514917261215439339e+02,4.225228002471161017e+04
2.009000000000000000e+03,6.823977545179517392e+02,7.056489432344185479e+04
2.009000000000000000e+03,6.965893469198180128e+02,7.402339397540077334e+04
2.009000000000000000e+03,7.186884974220482718e+02,6.023306340976974025e+04
2.009000000000000000e+03,7.453773820206276923e+02,8.062477314706009929e+04
2.009000000000000000e+03,7.354630941459084852e+02,5.365146144726301281e+04
2.009000000000000000e+03,7.221470122046074493e+02,6.169996409547432995e+04
2.009000000000000000e+03,7.781118830152782948e+02,6.880315180436644005e+04
2.009000000000000000e+03,7.382763046722963054e+02,4.362006826829122292e+04
2.009000000000000000e+03,7.503298264398381434e+02,6.524883575032673252e+04
2.009000000000000000e+03,7.466995009819928555e+02,4.619528355914510030e+04
2.009000000000000000e+03,7.343556341536509535e+02,7.029421205748901411e+04
2.009000000000000000e+03,7.329499536859838145e+02,8.777443820073087409e+04
2.009000000000000000e+03,7.997041084059704872e+02,5.751924151620739576e+04
2.009000000000000000e+03,7.200855083102608205e+02,6.577007737173559144e+04
2.009000000000000000e+03,7.303805857664737005e+02,6.618125694248155924e+04
2.009000000000000000e+03,7.254806555072099172e+02,5.001481802382991009e+04
2.009000000000000000e+03,7.268135495147188294e+02,5.563650110693673196e+04
2.009000000000000000e+03,7.252480340891942205e+02,5.105103763785262709e+04
2.009000000000000000e+03,7.130084026404749693e+02,7.109658531883984688e+04
2.009000000000000000e+03,7.146653921062733161e+02,5.817295764153864002e+04
2.009000000000000000e+03,6.929703479028254378e+02,5.527809427760331164e+04
2.009000000000000000e+03,7.042166547209324108e+02,7.252041985322168330e+04
2.009000000000000000e+03,7.538201551676496592e+02,6.974114939654778573e+04
2.009000000000000000e+03,6.741883989446016585e+02,5.261770753404443531e+04
2.009000000000000000e+03,7.411121997196065649e+02,6.698541691023271414e+04
2.009000000000000000e+03,7.519667245303145364e+02,7.776737711990840035e+04
2.009000000000000000e+03,7.248880031751323259e+02,4.251391517179601942e+04
2.009000000000000000e+03,7.485699645397033919e+02,5.742584003024471167e+04
2.009000000000000000e+03,6.791008510712389352e+02,6.134415147554149735e+04
2.009000000000000000e+03,7.387042797196606898e+02,5.872571491127571062e+04
2.009000000000000000e+03,7.583017415889270296e+02,7.397698261876433389e+04
2.009000000000000000e+03,7.157701946226444534e+02,6.853584632498557039e+04
2.010000000000000000e+03,7.125769362997783674e+02,6.046395459029213089e+04
2.010000000000000000e+03,7.306344880572280545e+02,6.294473246791529527e+04
2.010000000000000000e+03,7.312359700143097143e+02,6.548459891029001301e+04
2.010000000000000000e+03,7.533242988193284191e+02,5.918708648663923668e+04
2.010000000000000000e+03,7.443953619802606454e+02,6.505243611303048237e+04
2.010000000000000000e+03,7.473793722321159976e+02,4.583286730386722047e+04
2.010000000000000000e+03,7.730148179204605867e+02,5.181534841787592450e+04
2.010000000000000000e+03,7.026772895207758438e+02,4.661470875769805571e+04
2.010000000000000000e+03,7.610522545439673650e+02,5.620985056327564234e+04
2.010000000000000000e+03,7.146274890135960050e+02,6.501202004506236699e+04
2.010000000000000000e+03,7.310849777982176647e+02,5.574891155804868322e+04
2.010000000000000000e+03,7.359551517655936550e+02,6.780805179706585477e+04
2.010000000000000000e+03,7.265779637728350053e+02,6.370672479754522647e+04
2.010000000000000000e+03,7.249237375303071076e+02,5.940502238241310988e+04
2.010000000000000000e+03,7.308704813769512612e+02,7.149335913152137073e+04
2.010000000000000000e+03,7.179216789302586221e+02,4.747216989347695198e+04
2.010000000000000000e+03,7.142836066785405364e+02,7.087729490136490494e+04
2.010000000000000000e+03,7.930748377272453808e+02,6.159517499574863905e+04
2.010000000000000000e+03,7.014993035006560831e+02,7.246407741635332059e+04
2.010000000000000000e+03,7.184185570149086288e+02,5.499277569256739662e+04
2.010000000000000000e+03,7.159743212451463705e+02,6.709594113341941556e+04
2.010000000000000000e+03,7.349915836856664555e+02,5.153705186464849976e+04
2.010000000000000000e+03,7.500517486090107013e+02,4.681265296650410164e+04
2.010000000000000000e+03,7.476129073193153545e+02,5.628582926267031871e+04
2.010000000000000000e+03,7.125440801398773374e+02,6.356482439561354113e+04
2.010000000000000000e+03,7.129076730796992933e+02,5.062061074977633689e+04
2.010000000000000000e+03,7.102878955340820539e+02,4.519262693419193238e+04
2.010000000000000000e+03,7.182351386933734148e+02,4.984573105255372502e+04
2.010000000000000000e+03,7.299035638432114865e+02,5.220667670949630701e+04
2.010000000000000000e+03,7.128041727092553401e+02,6.517559741503130499e+04
2.010000000000000000e+03,7.687793208356874857e+02,5.436326347334716411e+04
2.010000000000000000e+03,7.450492408482286919e+02,5.478799636834364355e+04
2.010000000000000000e+03,7.217830556690053072e+02,4.608323435338419949e+04
2.010000000000000000e+03,7.091922397518268326e+02,5.530257511398493807e+04
2.010000000000000000e+03,7.345484728696576440e+02,7.258964710595672659e+04
2.010000000000000000e+03,7.335489598746053161e+02,6.557806078056726255e+04
2.010000000000000000e+03,7.221849840953003650e+02,5.998144742976273119e+04
2.010000000000000000e+03,7.536042776322029795e+02,6.686535646067163907e+04
2.010000000000000000e+03,7.362062937651197672e+02,8.158436084650995326e+04
2.010000000000000000e+03,7.124068403343057980e+02,7.239604682572679303e+04
2.010000000000000000e+03,7.204837603652313192e+02,5.205044021292513207e+04
2.010000000000000000e+03,7.506289716959865927e+02,6.548633508150306443e+04
2.010000000000000000e+03,7.437316775810345462e+02,6.855943556520454877e+04
2.010000000000000000e+03,7.126389922377348967e+02,8.103472917193311150e+04
2.010000000000000000e+03,6.915775481640230282e+02,6.859071865416693618e+04
2.010000000000000000e+03,7.472370178799482119e+02,6.311790154991595045e+04
2.010000000000000000e+03,7.627835615145605743e+02,5.918970398516607383e+04
2.010000000000000000e+03,7.735496158301599507e+02,8.176233825178924599e+04
2.010000000000000000e+03,7.498971057100231974e+02,7.373202104620059254e+04
2.010000000000000000e+03,7.588315219995262169e+02,5.920612700793268596e+04
2.010000000000000000e+03,6.914239123734568011e+02,5.220388206217959669e+04
2.010000000000000000e+03,7.181917466450863685e+02,6.360317578271706589e+04
2.010000000000000000e+03,7.082268616977289639e+02,6.363660052011480730e+04
2.010000000000000000e+03,7.513667293413135440e+02,7.156432915075864003e+04
2.010000000000000000e+03,7.049184097175118495e+02,7.376902446913288441e+04
2.010000000000000000e+03,7.701160734560379524e+02,5.259055273343923909e+04
2.010000000000000000e+03,7.295603552292421909e+02,6.335816355785520136e+04
2.010000000000000000e+03,7.096659029403670047e+02,5.644447626912049600e+04
2.010000000000000000e+03,7.280493449147478486e+02,5.851624320422946766e+04
2.010000000000000000e+03,7.582369673624045845e+02,5.990122967670786602e+04
2.010000000000000000e+03,7.591312198070950217e+02,6.815076486551365815e+04
2.010000000000000000e+03,7.197184877218227257e+02,5.339900918661784090e+04
2.010000000000000000e+03,7.498558286406449724e+02,6.834951663078133424e+04
2.010000000000000000e+03,7.138224813619599445e+02,4.683641417595979146e+04
2.010000000000000000e+03,7.449494735824678173e+02,8.698617612214077963e+04
2.010000000000000000e+03,7.367524137289100281e+02,4.714995961131301010e+04
2.010000000000000000e+03,7.415533812259957358e+02,5.419215892965736566e+04
2.010000000000000000e+03,7.511869874454179126e+02,4.503010692010635103e+04
2.010000000000000000e+03,7.111858955714449166e+02,6.662781853975204285e+04
2.010000000000000000e+03,7.380528830115270011e+02,6.895621707502260688e+04
2.010000000000000000e+03,7.176525211428810280e+02,6.436496883175417315e+04
2.010000000000000000e+03,7.519783875324138762e+02,5.199562614562470844e+04
2.010000000000000000e+03,7.006027098724035795e+02,6.658685542224510573e+04
2.010000000000000000e+03,7.284427138724840916e+02,6.235052167044611269e+04
2.010000000000000000e+03,7.340137439598238416e+02,3.495652179708838230e+04
2.010000000000000000e+03,7.359659132244863713e+02,6.738757065042563772e+04
2.010000000000000000e+03,7.198117340782371230e+02,5.326361945969154476e+04
2.011000000000000000e+03,1.516280374053553146e+02,6.363405712888869311e+04
2.011000000000000000e+03,1.564550095671873180e+02,8.057539631606802868e+04
2.011000000000000000e+03,1.543561296277138126e+02,6.651896093708998524e+04
2.011000000000000000e+03,1.503665589680872472e+02,5.152814949772544060e+04
2.011000000000000000e+03,1.548673322334918510e+02,4.875211166693561245e+04
2.011000000000000000e+03,1.536554601205000381e+02,5.069808967570980894e+04
2.011000000000000000e+03,1.503460684626454906e+02,6.362316419284379663e+04
2.011000000000000000e+03,1.541494420728668615e+02,6.768682533103312016e+04
2.011000000000000000e+03,1.508473258244516444e+02,6.670650285985067603e+04
2.011000000000000000e+03,1.580607015699435181e+02,7.061547339987740270e+04
2.011000000000000000e+03,1.561370928834641632e+02,7.170164766798290657e+04
2.011000000000000000e+03,1.531895935603341172e+02,5.300342009687735117e+04
2.011000000000000000e+03,1.499476854718298569e+02,6.019820196076567663e+04
2.011000000000000000e+03,1.582157997361983917e+02,3.436514280884405889e+04
2.011000000000000000e+03,1.562765274593614038e+02,5.803862967317926086e+04
2.011000000000000000e+03,1.606711020355144797e+02,5.272688229108625092e+04
2.011000000000000000e+03,1.508192906202360746e+02,6.646654268801008584e+04
2.011000000000000000e+03,1.622269461005077744e+02,7.127039046712574782e+04
2.011000000000000000e+03,1.568356873034898342e+02,5.564781797776931489e+04
2.011000000000000000e+03,1.589803105270058552e+02,7.082826835713209584e+04
2.011000000000000000e+03,1.545357892875309460e+02,6.751024376929366554e+04
2.011000000000000000e+03,1.531368094434272109e+02,5.198639550551155844e+04
2.011000000000000000e+03,1.566407749878557354e+02,6.109750185857700126e+04
2.011000000000000000e+03,1.538549710766180283e+02,4.343162048799890908e+04
2.011000000000000000e+03,1.500186187125967479e+02,5.754785212196972134e+04
2.011000000000000000e+03,1.541951868841331930e+02,5.805048450561656500e+04
2.011000000000000000e+03,1.648145474004480207e+02,6.294540600652456487e+04
2.011000000000000000e+03,1.542150899095899490e+02,7.147544944312314328e+04
2.011000000000000000e+03,1.546605447258210120e+02,7.609556090274271264e+04
2.011000000000000000e+03,1.527309933647979960e+02,6.108693797803334746e+04
2.011000000000000000e+03,1.539685817373812426e+02,5.729341639518625743e+04
2.011000000000000000e+03,1.544507006388584784e+02,6.970375577878802142e+04
2.011000000000000000e+03,1.560755207363184240e+02,5.188632297182820184e+04
2.011000000000000000e+03,1.505245612788975507e+02,5.060177821900454728e+04
2.011000000000000000e+03,1.541840045628850930e+02,4.742097585967961641e+04
2.011000000000000000e+03,1.529875806403757963e+02,6.470975966383053310e+04
2.011000000000000000e+03,1.582369513177249019e+02,5.782822902276539389e+04
2.011000000000000000e+03,1.585796289983769896e+02,5.742201198228572321e+04
2.011000000000000000e+03,1.504644436150408353e+02,5.174883818203768169e+04
2.011000000000000000e+03,1.551833646010780399e+02,6.370370734775580786e+04
2.011000000000000000e+03,1.589994165670772475e+02,5.971993035962970316e+04
2.011000000000000000e+03,1.581230561528498413e+02,4.531867388894925534e+04
2.011000000000000000e+03,1.466462376298357810e+02,6.258598773393025476e+04
2.011000000000000000e+03,1.554374522089876507e+02,5.576385751691064797e+04
2.011000000000000000e+03,1.688210255637757200e+02,6.715417787171425880e+04
2.011000000000000000e+03,1.596581412004465790e+02,3.982271643817611039e+04
2.011000000000000000e+03,1.479008344487216959e+02,5.883429188112027623e+04
2.011000000000000000e+03,1.608309281344147905e+02,6.373783203219492134e+04
2.011000000000000000e+03,1.625315023542726749e+02,5.888764446459639294e+04
2.011000000000000000e+03,1.572204643412452754e+02,6.309235143736541067e+04
2.011000000000000000e+03,1.568677970239482136e+02,6.501364560405605880e+04
2.011000000000000000e+03,1.527823328326192609e+02,6.394934353628289682e+04
2.011000000000000000e+03,1.532905682037986423e+02,5.314020435908426589e+04
2.011000000000000000e+03,1.429362960791039825e+02,6.241896770379731606e+04
2.011000000000000000e+03,1.586458273757532140e+02,6.323043789649922110e+04
2.011000000000000000e+03,1.604169753025593366e+02,5.029552598901597958e+04
2.011000000000000000e+03,1.466155300850866183e+02,9.255202727232126927e+04
2.011000000000000000e+03,1.635827961471193532e+02,6.184451063207572588e+04
2.011000000000000000e+03,1.593073798246983586e+02,7.009356566094342270e+04
2.011000000000000000e+03,1.515554549832715168e+02,5.599907529282232281e+04
2.011000000000000000e+03,1.572877452020864837e+02,5.920447501893077424e+04
2.011000000000000000e+03,1.511817358352834901e+02,4.468087315401464730e+04
2.011000000000000000e+03,1.542760657647035316e+02,5.612658575448309421e+04
2.011000000000000000e+03,1.507698615918319547e+02,6.408844865036359988e+04
2.011000000000000000e+03,1.463237121412585964e+02,4.664272934043694113e+04
2.011000000000000000e+03,1.544791556051743271e+02,5.682061052400551853e+04
2.011000000000000000e+03,1.541499870724934738e+02,5.843904254303605558e+04
2.011000000000000000e+03,1.548924065045112286e+02,6.789066755988042860e+04
2.011000000000000000e+03,1.644545694749381823e+02,7.255197270942085015e+04
2.011000000000000000e+03,1.500271224252368540e+02,5.218680084935151535e+04
2.011000000000000000e+03,1.449819214586540284e+02,5.123809587762906449e+04
2.011000000000000000e+03,1.588800903270315246e+02,4.540804981579448940e+04
2.011000000000000000e+03,1.442622097348928492e+02,6.836595781872147927e+04
2.011000000000000000e+03,1.552571553875147288e+02,4.472296526357172115e+04
2.011000000000000000e+03,1.452764154023921890e+02,5.796169434262586583e+04
2.011000000000000000e+03,1.563977594489624323e+02,7.427643441961100325e+04
2.011000000000000000e+03,1.538519542786875718e+02,4.577498804411820311e+04
2.012000000000000000e+03,1.507136686632285603e+02,4.576321162305444886e+04
2.012000000000000000e+03,1.601019540147139537e+02,6.826773079411621438e+04
2.012000000000000000e+03,1.589125963260613048e+02,6.627990339220192982e+04
2.012000000000000000e+03,1.573412799861499707e+02,4.840882100053529575e+04
2.012000000000000000e+03,1.538843413404939895e+02,5.175355728904032730e+04
2.012000000000000000e+03,1.589147962435169461e+02,7.063510505904081219e+04
2.012000000000000000e+03,1.602316042625987507e+02,7.432033517879326246e+04
2.012000000000000000e+03,1.604269131504636334e+02,5.132336974763868784e+04
2.012000000000000000e+03,1.536834643698605021e+02,6.143016571844903228e+04
2.012000000000000000e+03,1.518373413719333485e+02,6.444583423155796481e+04
2.012000000000000000e+03,1.581796103347180917e+02,7.743600162889641069e+04
2.012000000000000000e+03,1.532885956594416541e+02,5.330520277939084917e+04
2.012000000000000000e+03,1.527091140469428581e+02,7.123888592502898246e+04
2.012000000000000000e+03,1.600945830355863677e+02,7.404967248165600176e+04
2.012000000000000000e+03,1.516499186650638080e+02,5.944543566994224966e+04
2.012000000000000000e+03,1.590825449708488861e+02,5.548266226180038939e+04
2.012000000000000000e+03,1.482381029929226770e+02,6.302599242905626306e+04
2.012000000000000000e+03,1.600687885525529168e+02,5.114938298619163106e+04
2.012000000000000000e+03,1.637448888352740255e+02,5.528549839712327957e+04
2.012000000000000000e+03,1.480829119335474502e+02,5.786097794192732545e+04
2.012000000000000000e+03,1.622093964125974139e+02,6.206607391264557373e+04
2.012000000000000000e+03,1.609686457826463197e+02,6.073515913939383609e+04
2.012000000000000000e+03,1.562061930015943574e+02,7.296921850392899069e+04
2.012000000000000000e+03,1.487942798154893751e+02,4.450103234248396620e+04
2.012000000000000000e+03,1.525433570124252753e+02,5.552104321273850655e+04
2.012000000000000000e+03,1.575442926778835897e+02,7.483096885639432003e+04
2.012000000000000000e+03,1.573537714793188798e+02,5.499578153404775367e+04
2.012000000000000000e+03,1.503773214740112962e+02,4.944191917131500668e+04
2.012000000000000000e+03,1.529500502090732255e+02,4.373985718589390308e+04
2.012000000000000000e+03,1.613252471563706365e+02,5.974529700261841936e+04
2.012000000000000000e+03,1.562626418991387709e+02,7.080356962228183693e+04
2.012000000000000000e+03,1.481343264166978031e+02,7.259240919110445247e+04
2.012000000000000000e+03,1.549915339686471611e+02,5.296400175970845157e+04
2.012000000000000000e+03,1.523612768570890239e+02,6.840961858919907536e+04
2.012000000000000000e+03,1.625170624314479255e+02,5.941930500279866101e+04
2.012000000000000000e+03,1.654989526753058442e+02,5.591339522620131174e+04
2.012000000000000000e+03,1.563958813451831702e+02,6.445040259823563247e+04
2.012000000000000000e+03,1.490521885284842085e+02,6.100392736433034588e+04
2.012000000000000000e+03,1.564883312300104308e+02,5.196244895023032586e+04
2.012000000000000000e+03,1.560822680522581720e+02,5.193973535950927180e+04
2.012000000000000000e+03,1.651934786565072102e+02,7.301958396374795120e+04
2.012000000000000000e+03,1.492014223060827192e+02,5.725232629705233558e+04
2.012000000000000000e+03,1.621453303846757876e+02,5.631369880621785705e+04
2.012000000000000000e+03,1.566267660940887083e+02,5.998642632803440210e+04
2.012000000000000000e+03,1.490766239547971850e+02,6.708227152015264437e+04
2.012000000000000000e+03,1.534809508518071937e+02,6.423733455482473073e+04
2.012000000000000000e+03,1.649137743349413370e+02,5.834618492797862564e+04
2.012000000000000000e+03,1.589752184045886167e+02,5.984326086424887035e+04
2.012000000000000000e+03,1.519380069091408529e+02,5.569955969801532774e+04
2.012000000000000000e+03,1.605101133165823342e+02,7.199116230767431261e+04
2.012000000000000000e+03,1.506794634780988247e+02,4.700869808944208489e+04
2.012000000000000000e+03,1.629712184449764436e+02,3.787024701513993932e+04
2.012000000000000000e+03,1.541425786925513819e+02,6.923703604596850346e+04
2.012000000000000000e+03,1.661563727182538628e+02,5.298150584078758402e+04
2.012000000000000000e+03,1.669862434485017957e+02,4.830801747576555499e+04
2.012000000000000000e+03,1.531024252118945981e+02,5.619273285198301164e+04
2.012000000000000000e+03,1.471985867211319317e+02,6.863993806166532158e+04
2.012000000000000000e+03,1.552668330845450271e+02,5.004303304970936733e+04
2.012000000000000000e+03,1.518950714923830958e+02,7.134830342429236043e+04
2.012000000000000000e+03,1.503748533442033306e+02,5.926391901605998282e+04
2.012000000000000000e+03,1.475227069421546844e+02,5.989546593461218436e+04
2.012000000000000000e+03,1.461479917159601314e+02,6.678827140889693692e+04
2.012000000000000000e+03,1.526132261364592750e+02,6.742074015969167522e+04
2.012000000000000000e+03,1.506789284479223738e+02,6.481189912653558713e+04
2.012000000000000000e+03,1.500906288881571982e+02,5.104213639702517685e+04
2.012000000000000000e+03,1.569269106302318164e+02,4.948302320093887101e+04
2.012000000000000000e+03,1.558325951847928081e+02,6.499785423324548174e+04
2.012000000000000000e+03,1.539884948598388235e+02,6.141533068066184205e+04
2.012000000000000000e+03,1.569901901215569069e+02,5.629991005645293626e+04
2.012000000000000000e+03,1.552040990136917173e+02,6.262877217676323926e+04
2.012000000000000000e+03,1.629266107300133797e+02,5.516311977710838983e+04
2.012000000000000000e+03,1.488979335667315240e+02,6.081769729083826678e+04
2.012000000000000000e+03,1.537323160127936603e+02,6.407278170280232007e+04
2.012000000000000000e+03,1.559958216722309032e+02,5.790261732344292977e+04
2.012000000000000000e+03,1.691624714244498762e+02,5.793260704705682292e+04
2.012000000000000000e+03,1.477542130352764218e+02,4.856822028812566714e+04
2.012000000000000000e+03,1.609913018893803383e+02,5.373747176757954003e+04
2.013000000000000000e+03,1.516708754269045585e+02,5.943393325192195334e+04
2.013000000000000000e+03,1.516931671357721712e+02,5.713526370285214216e+04
2.013000000000000000e+03,1.603306480976947910e+02,5.194425859570708417e+04
2.013000000000000000e+03,1.508442822190711468e+02,6.021369040534213855e+04
2.013000000000000000e+03,1.519898396188233960e+02,4.281933475634748174e+04
2.013000000000000000e+03,1.497559845653184425e+02,7.244541596146672964e+04
2.013000000000000000e+03,1.565534314870277228e+02,5.780254325503611472e+04
2.013000000000000000e+03,1.518904159655647277e+02,5.565966366010679485e+04
2.013000000000000000e+03,1.536747521617986081e+02,5.940062715943153307e+04
2.013000000000000000e+03,1.672162659919134740e+02,4.751441087324002729e+04
2.013000000000000000e+03,1.519500996403953650e+02,7.007567795219430991e+04
2.013000000000000000e+03,1.476612882501924275e+02,6.761705896553111961e+04
2.013000000000000000e+03,1.520265845932615036e+02,6.409645277112183976e+04
2.013000000000000000e+03,1.581397667314202806e+02,6.729180892237361695e+04
2.013000000000000000e+03,1.555682252547957773e+02,5.385729274899274606e+04
2.013000000000000000e+03,1.553571950041427954e+02,6.531655144007639319e+04
2.013000000000000000e+03,1.574521846896265060e+02,4.833204334483564162e+04
2.013000000000000000e+03,1.567620644642053662e+02,4.359236607296840521e+04
2.013000000000000000e+03,1.539523433140314239e+02,5.444665430931258743e+04
2.013000000000000000e+03,1.528418182513073589e+02,4.504585992619668832e+04
2.013000000000000000e+03,1.521169566831892155e+02,7.167503598813166900e+04
2.013000000000000000e+03,1.517152471058134893e+02,6.671025881449651206e+04
2.013000000000000000e+03,1.604043843846040431e+02,5.884468114035978215e+04
2.013000000000000000e+03,1.556950086975459726e+02,7.262733444489222893e+04
2.013000000000000000e+03,1.560975709983967477e+02,7.123597549222258385e+04
2.013000000000000000e+03,1.622149305497459295e+02,6.684341957806092978e+04
2.013000000000000000e+03,1.563975140597258076e+02,6.017018790673491458e+04
2.013000000000000000e+03,1.555395153617378128e+02,5.234277683144876937e+04
2.013000000000000000e+03,1.515491375466858130e+02,6.411467193609048263e+04
2.013000000000000000e+03,1.508779606983117105e+02,7.456048139095699298e+04
2.013000000000000000e+03,1.621579892207035414e+02,6.729146024298192060e+04
2.013000000000000000e+03,1.542637001297829897e+02,3.809799617691511958e+04
2.013000000000000000e+03,1.617556270449769329e+02,6.714019391373894177e+04
2.013000000000000000e+03,1.560431292579130798e+02,4.572819659265813243e+04
2.013000000000000000e+03,1.540443196665119672e+02,6.913680723597590986e+04
2.013000000000000000e+03,1.472837649706800676e+02,6.967595957790559623e+04
2.013000000000000000e+03,1.540031515235479276e+02,6.181703139626065968e+04
2.013000000000000000e+03,1.588281001298736044e+02,5.475796509211639204e+04
2.013000000000000000e+03,1.522678280405216924e+02,5.250159523530903243e+04
2.013000000000000000e+03,1.563903833359945281e+02,5.460424176493988489e+04
2.013000000000000000e+03,1.600474480584737194e+02,4.551875741759595985e+04
2.013000000000000000e+03,1.581225015867342734e+02,5.404095656642657559e+04
2.013000000000000000e+03,1.546459372874965936e+02,4.211964128625806188e+04
2.013000000000000000e+03,1.509582913250663978e+02,5.753418257810153591e+04
2.013000000000000000e+03,1.549366268910615645e+02,5.629953196435111022e+04
2.013000000000000000e+03,1.566006663465808515e+02,5.595497628871358756e+04
2.013000000000000000e+03,1.469121380868319022e+02,4.635176037750196701e+04
2.013000000000000000e+03,1.595320894181776339e+02,6.401221349830729741e+04
2.013000000000000000e+03,1.542763223833605650e+02,5.565424179824553721e+04
2.013000000000000000e+03,1.529780865537061345e+02,5.756481756521608622e+04
2.013000000000000000e+03,1.633585602381245394e+02,5.912318365435874875e+04
2.013000000000000000e+03,1.536804227451258953e+02,7.604188548276986694e+04
2.013000000000000000e+03,1.596979937218072507e+02,3.601294541308536282e+04
2.013000000000000000e+03,1.632435502267840377e+02,7.706640368604904506e+04
2.013000000000000000e+03,1.546820006568353563e+02,5.810743275512952096e+04
2.013000000000000000e+03,1.578817931784182349e+02,4.456881931707775220e+04
2.013000000000000000e+03,1.551783424343667264e+02,6.778519207874225685e+04
2.013000000000000000e+03,1.681961422650152826e+02,7.997631882057021721e+04
2.013000000000000000e+03,1.548707591442058913e+02,5.178045804200215207e+04
2.013000000000000000e+03,1.479907768196689801e+02,4.045093176131403015e+04
2.013000000000000000e+03,1.599570826907141452e+02,4.901380077588387940e+04
2.013000000000000000e+03,1.494067940712481004e+02,5.800910026785308582e+04
2.013000000000000000e+03,1.647180977995484170e+02,7.269878786908427719e+04
2.013000000000000000e+03,1.572731649017255791e+02,6.861566546190278314e+04
2.013000000000000000e+03,1.541651369055293799e+02,5.324553586660716974e+04
2.013000000000000000e+03,1.484188472734620348e+02,4.647527214012485638e+04
2.013000000000000000e+03,1.419273349126233938e+02,4.109150542701817176e+04
2.013000000000000000e+03,1.524603743723046421e+02,7.147384652738494333e+04
2.013000000000000000e+03,1.553212928262296089e+02,6.110088290733342001e+04
2.013000000000000000e+03,1.529827388826547576e+02,5.352414044291711616e+04
2.013000000000000000e+03,1.554384731828383508e+02,8.320524160369542369e+04
2.013000000000000000e+03,1.498717833777433839e+02,5.074578580086314469e+04
2.013000000000000000e+03,1.654916740275682230e+02,4.209691549781998037e+04
2.013000000000000000e+03,1.527376556733288737e+02,5.316836253925117489e+04
2.013000000000000000e+03,1.458693077097413493e+02,7.044927163554132858e+04
2.013000000000000000e+03,1.587957275812296984e+02,7.294482089210898266e+04
