4.448506700393412672e+01
4.636682363390651318e+01
4.628504563414767858e+01
4.163263636388473543e+01
3.875926471656416084e+01
3.590503710429750583e+01
4.181041882984843738e+01
4.720661560093694220e+01
4.274881825462664153e+01
4.449475634473100882e+01
4.829885632752249336e+01
4.465683420614033139e+01
5.712212690999766806e+01
3.607282557637962128e+01
4.994005196678055114e+01
4.216032204356740465e+01
4.439219297332031999e+01
3.631501648611045141e+01
4.450272883476397112e+01
3.944840653954350529e+01
4.965666257280632578e+01
4.336070572693589043e+01
4.626095178526205132e+01
4.353097790087474550e+01
4.481665378008371192e+01
4.574902248677750549e+01
4.408067549305897614e+01
4.668997314163298284e+01
4.543542444109763778e+01
4.406625489770335236e+01
4.187884915941211972e+01
4.037696118851592786e+01
3.811884783300498469e+01
3.521477843310895395e+01
4.797411493691746642e+01
4.342458790015747638e+01
4.248934579966127956e+01
4.315999905196721897e+01
4.738652950398817154e+01
4.362410324507600734e+01
3.666075148924220173e+01
4.162269083291840133e+01
3.149745475977513109e+01
4.163465273360004204e+01
4.290675768010262914e+01
4.400706288496121488e+01
3.617810654369058909e+01
4.369123411003893409e+01
4.577776401758551827e+01
4.970758040983184856e+01
4.149108396247986974e+01
4.150727455709900227e+01
3.676421630958620312e+01
4.020141438203238948e+01
3.933883768386378676e+01
4.476390169106423400e+01
3.946036447822724114e+01
3.983656584082616803e+01
4.699629105461548306e+01
3.220602499702419408e+01
4.517593711014233548e+01
4.520825637923334739e+01
3.629711105610636679e+01
4.237268840503973877e+01
4.825256725575067662e+01
4.553494151678484059e+01
5.051051728628148396e+01
3.640183564518347481e+01
5.159800607722328891e+01
3.814995550779340761e+01
3.997683008304435504e+01
5.447307987644820315e+01
4.894753251788164050e+01
4.046841745549909319e+01
4.874283835259129205e+01
3.964285981819001137e+01
4.585886827977563485e+01
3.501469260584354259e+01
4.693784046920024622e+01
4.619245985005558452e+01
4.336146814638821922e+01
4.326445579568363087e+01
4.989841078789586248e+01
4.662120471371798658e+01
4.453499493029193701e+01
4.361601729356392809e+01
3.828188749526191970e+01
4.355420172069042906e+01
4.669983867906458386e+01
4.322921531914922610e+01
3.964603331651905194e+01
4.065334914763417373e+01
4.302070389912763915e+01
4.341966796557584729e+01
4.216633011578012713e+01
3.578339618157784230e+01
4.340765041224096166e+01
4.896865561789215349e+01
3.952678989344986604e+01
4.618517084951170659e+01
